8243355230504186170667337521705529968548180153769821936979698914169521362326
21549235422807751640146583237936799392598740234259041629069949854834009192195
15309683586299089746803554818142261058154570215179112411063662706557055610156
12007539402495575255755232938576927941514879725482443887151392201585760698040
18793669376013417649313139054009540629720623019893420956495818743913188610515
6637074549079529416739232814950531409613090469922787253991308038219905474403
3042007484821627445120830225760006405192082634864137749621636257026891883326
5337388510268581167254715112479133594089770138749507073603490761032513368106
12325446798142239188409242319577957593792614990556679862642230477712636037037
676789245562467194073706116744095779362669155912771165373940448756070927910
5854747984773506278911353281567883752585612596682487681686710970786834920041
11245406467967785626327694659468342056789182160059009120973665143197638081760
10395601815816075071544509552592627172226369015806880764151195346316980080894
6756096862783612163697577917108261850810460757753491809406999449771712474223
1708595072322964393019739105130946639405776432058599259998973103484499438306
2817817145890818701877539103826217929456570347854153048034669346981432211659
20337270972708498869284875601749656006552838338471813066271573323209168221011
19192338172842323468707146045612196807750411464817516820711948717057036544820
17223253657227310295312621282100531845543865578630870272599545474783775759681
15004735209586276209064505708625280228119288986650187909395010184201059452346
3875652974956649356154345677088455126258183810851242537013757276075769588050
10514447960615206081458524578173743817818597124482828867666984705327684376752
2087647010835075851760610474040959236825470174942075295716631067964093542910
5927163251920754154392384551305623830535034440727310604898855074616515892551
20585333621997037505291454298836355589763292536744926081563336065939121006537
19320876518201905459682928158170419256739531666800973485138890064423348282196
15942638804716709831210239594904570403189415026144938623559274984027906868220
11197022744936474661934096628367688581641778841814728682794507017845346201383
11034020922250561671038205476395109731446686553549026383358725302157324264144
7574933006942933995255906769787776608010920618615581322603847524789684181970
10061361506744906780155460423367413099657465765582917482575074226383566926764
18611343221859570540963418999548488653944851224739716224660835306206658947980
17094203924957299390365889251598099482992645049968199405515681968938743421467
9407145832890449495071969940777105644547801064593141904558463573167881762713
10921438560879150587765515492087524756046482460218342400194862909363870270743
15101279960899220452674629307354995123411280418550386595937683027146194547144
1872357133681596467751878560069114718371273548294363719900935160833598069645
15505500304018853111989216259257978796595506623204851206292254759641600763191
2079667978353221447444850850900204451820443725835104896018664141845782871343
2852655320672908960411014862634757863509253400797831983637863741066632490909
2702824031197306101989338159138451445088523866133498139857862801497066633794
14553308731276493692643101846551382187575566516925133957384350697980935154102
4314969815396483242407853639218064117498232660761075778657880116870422414637
20236724297078811959918602376319440958076910292454596856154100774072250182183
6360017115980704736383763605019264589498600998515606807745670287390050560160
20856970531105411628054833058646203890148287930330473527735908484791842390307
17691356258507144960616314395885779533907781694329041597441621553108536658757
4464167934150673174817562382299722091160711333547138388803048452674668158635
11538922347277268848344412167140306567742076984016453903533772667841006045703
15558861252260038101730449864896864763293561339637017072015859069059083288561
931980552683520059135814229579184511049009637966018180567726214946979768011
12746506550979326220422215987591117730943427023997792332255149062957909690818
16416138987000536018990311324687201169959549714116951891693452597169869821726
7473835750915837381583185047008243788613524206396316652305987269933344653773
21223994082372071324452834147900730753626104062167370333103771844983134656961
11102363694946721470818933128034696027504133564649607436252022322296041603786
2666835000155694643357391634256423691785613060199379949509682292216642706081
16883033667413528795407641102416904598130659502290474063092941543309042023190
13093053604456598783294628038129487761924241298889312497497820946915331319389
7426349812936697309541457521193139970366533826612714195359894150484429907425
5243217285990182677741567384304278362485372018078770234262925321063263504918
21185490040917275396474067542756068684704036418473170810170344320388557093876
16181135763579884029508432324330748636846464150219757303321560798898398598349
18088358880437096005757355821526785623101357556483672471222924931365890201571
20418860027198053484245336569800730261127301261293595190270103940460998981236
2058948081811170389115771489993053947061173620273801887242248130631460165879
6353796008567532863300373986154930294334380098977007704532496889557690195858
15854609649070278722833415779491666201355987522519101725393408435189057056690
1355942327518086746604287131396672941922424788908995789539897301592998007690
10194046920666955610804398522181498854525794643476895032285888778350918459761
18342608728256650520630397534564293474806178807929639999068140223470256007117
16101948218093381908101491223075947943147313203969904451859930796280152622017
9866645853452683082481412876547916795343134459981103407915522925093474319332
9309485422719740772955698359258466728180120624442685713365406080485336040166
5201701081505060757054562398073722930344229781365241858092054974705598137660
5279555243870694216927790669819597822350327573071817682265773244733785382064
10661662716572743893824841881707597899963881485303936548294117975770384660590
4306964326426793675768869124893413588264762573088622132302954501394542576141
19945975928045383298785833694292459276727208605892865429301546022994613804030
5037834331249812829239656466783521330249138768989720606017856991559732121456
20693877087308232030611148201802513236570270737947270986743265610517665094074
17748932969923719316564673051784340920943155490113289807023660243301385585070
16950307665556055391386715682532553772527550247031548278958142572490582126842
15034211391483347494286112687349366897258989065045859280146461213731663274520
3455096385235320554100221104677124747996171720170690637998043454239897385610
11220329458242704347549150795173830262585759464331372299692251819012138352257
8230076319752658879891285909687940775399748755759819661970430769188439691274
4178690445391578185009939705412120505162313641744671740163024993195883735198
18632680236376151061913536149173846032710756800956417249233907621575802688710
14168747730472612819827430620596085566004981811676505988180237018638188025380
16777617016129912124437138351698263064579177499617525409625791377061066895460
403267570119386144603206457308168792379980670187570608148634410971295877610
11045890302538505532103216886575539246473207034538532950483165910580782953337
2632893274667647784827087132221744991131294771819888858265016332574437797556
14022461303364013571172470728150898521630042996798160127819093871974124417229
18349129573612583311962846403448135938849737390546876598640066736462315682295
8009723611300112743690923532773238474616291315457276539919568488041436720507
3287586297388209299132232426281031982329712892122181769502106059441842217623
19893256464101780566218598404932657965361824655069879954668551189408491121155
21779954643920608321663779655887581582907923850271820082121309309571440586162
13938145028737822338330333388496944993576078307754676998341398757402576278690
17280605833933949866452995551396279974325968699794264573823990818913515933775
11562775307500290654949270847967546133812416593099094805234457839659652146289
21556021192476590536800970202944195471695121915357500612310904064652863447972
17407055226077297021071802288772735837293135175537846248261973015744713174949
21295838064085671525042198277220548723525913660103018392096215316189390548013
14589917958236435754986191512564058641868109230240077937707647376289105324812
4538073055458854134606640263494592220617270326115451287834630189270577020111
21247609438242282269742265796811514090579388884916478939008977411932487423659
19263560475610984724826226948356735903574936974192558145730920786586162783055
1898614508331499418660051276594019416852890004788354240344418815409520758722
13346547977920686435662774643991891597826323722140876186086635239306340843003
12144969177194297999321084025481801838621405926243412487948189180755523714531
11624156909934489978766768065107924627236090741698411458481638802308500352917
8674349037900011131899280296161700067911742760618648557038290076406601619864
18627233188669469962636721109716646416813512041955577645627776298400086440228
1153719160094308748956884656041023320488424966635003188538565876464091909764
8000003066081501211900754070779689975656073731442793160620896624291841806771
12069801117560082050163959286673266840809976769131514316118288648293224324822
11694828863372498882861202648883355759680038037706633938668096525787115759720
1181495201505177954430275085371953511604847831716865494220845031383860562941
18321980275956746302814628602546438645691886543647725888694024551609678639266
2785661975937033521551267460848061931764727388015171856456622007438303671899
15557886094116287182932984983441793820379366058597052543066101158081817575352
175179830261452669822497364983291141568331314582563701393865403724263011876
10455128373814266139918350629083299308526836847946708764631040462916637941146
12622681406523708498691044494295298210175441851465578469593208754136900020434
9624138424345877000077746656879336097173254842107184716328214933320809030543
11726383465426411877912203592949370178096897707629953853811352568008881233112
17566146584557385507728086844334319515338136183689530813551207417981719751958
18423839150858891406289385710861955437811779173242111498197433255650436048047
17408376662161624435555256564084894291578222902661202310977717110546842356960
20995943422377609225953642092578140203148330329113983394181012996247925741957
10409490873284794620245703460832015892256721643100501421596423100640512505920
15047062105747285153444463303020356100177963702386173227676803770571846532695
4535940688608096040988822900684697329863791065464226849059470519882399535780
18980357680792173392910397806033731294240363676914829395702138582894418363978
16468042735091009392571235146440392007609078458297170996132218787642722263238
1869769403621899262774247370472546961521039203681166934356431996537822108263
6151829532330885020831674048300360431343535966534922988242884341920915237665
14373964388615044752046531046884609884388869283450342961030080770253954449754
21429869771065858399481388829822721985084474326196139156050788103070270663923
11836916222341149344359827526882466618136359738495035945807998286429671739008
4542193081188277792793758113018430324598765345700596639963408884670534634317
17262340128494663310404052919129368521415818617921877469042393034218456907650
11614110585474201606235056157412783071151951301104822431509283035322273244217
17241248261774133453753660970137875514052923171943595080766050681996607133130
2990875140768570679733810173464987023133165559726680992079139149034178002777
10032389096385585741539206260012253444831624820404318451026478423856181568200
8391217416130739565515338215591963109158836617019021044489286448654465296819
8553700889274799411012667201578367398970695661169430162294018618925895640041
13529692770771168133213371031275281478756443444824139121847596546264553079152
14478949636372928879378459122088894160202116364833386541382488835123981766413
18528743543311452855194545818079449921167163839226390851954136986727320245809
11724222260540829258562889360923785293478512718704276634048783603461995522859
2652532822068043785753514309321715043229885635900630208154874285707479247265
16473666207635815797882774885364997250503755116232911726426811919269547851975
12436631741803099512327160776479880302093882812091908650798222524569929954222
13061081443094122428989571162147084312340276850316867585582410062467362267361
20909566607465067204267258789556187669343825005173558971220332255443231196363
14278016202378252898173761523743422243750790190417896338147106476354187349947
7703701752136585609667768350038563449121231460368808945757767724712186009894
1622258312841010773225479468430896972269503924285598181547410615000034107894
4706114868510775588142857635375822293570353199661120256611528287780303504954
12723022498690150801900112713057006417552064300221766812928489357200260312668
7736508633931646965699972944684083339925061856252811104228904321699984469949
195095354858363944780141950724441876473553677166595890451203685104276178612
18877614091447727762374351623731936445361116363480970639310200637662433378180
17239262588506530491210045452642505719938421789517734104955853192075731537629
3391556611912995522919492308422471958888145521362922265487749943660431330300
10164629656754294522862462407441648133619259920942013682702008716587122474446
11939828733425435518898229234599966533928666730047925120030711579782543312731
17335155958861138542643885799966192412363788951639890938680530110842555336617
21068414996957890621467676209673805582866493104159841584377567318112060433438
18041291613104743972430309067462668732698702146146761776321539150844598296986
6149130772490689572076747194977244577047643214871016443290724757756394340290
12105848363324940274456322072887282559016226587661485273111872063034847034485
5683957548001811989600472365740829603387405501208071642225953069881259762607
16529542077365261070047716411124689196456625611983373158922227651721798753876
11961524596519782767188645738887896272947446382672325012202336646508449392990
9785728068011868312995387469680578201705397880590293454099364001157116688561
18127416268588083447440821307938591826251677223119815897950307944959875167560
19296461637807972438220899702591874518336722552660488565818484435311224286288
6801016831512114134395242293457679538495311188529990156831889204433183626116
2964298470426582070507861407971247200639242211740381994158541687335361446525
13485975887078791259342768620261671076376983307468484850600890777864999230190
18842264035089067687391583729082424222425351385494040849910540441253540345719
14703642210510851071131854548671393020078600676544458548174965732036621712435
21220214849253889952179905879367949668848598115028365535238742829171770487419
11808561815315084933226034934054773302447242219261466208644893422841430468026
13540888692913543742580940929469376532537583430034252053023468103862294761259
7244161097354558003276348625436123965060461415149286453943040900234287411785
14838699086047571226987010390426316539929576717533827724866261274778253262656
14556703155521968503536618488028548581329555701042498979115582733446728182407
7681623302896593715513288894378158777679657507901023568046253058158573848701
1088441387469941348668229287331864702951247349577784177659963097331109780661
7314603916265509104428110912296267885635061026393352039011815022900719549691
3986211915826218802854255636104488183733664187834078111248006041750140814882
7773946401984571616670752866609685859292708427659817737120107917606152933392
2842014599902358831415178364343115068084073955515903534808862171830738904933
5310724334723991338015239276468023426385678184604207589409781216959654582406
5255222348968955358505450804240823699077014235887887249383824524518164498567
4683270496545943333741165516340250527555279356319043788098737100323469078711
1419863943011284607504318632953959861647793372073243840131919334395882404459
7983638904317557271319561780754076927110887040374328063199742162092282580125
5569432847705373609838086039153225563020182698189928344759413994203981320990
15459233133041758499623402905899885787129812358908703405750502906067055055230
13557004098047782158753673078158469379829777184696159361573537670440394932233
15455882302725774286899673141535924396516348007554186719344822187820635072053
3420919058826876625284567898132572990967515410265578892047210512917031439632
20100418454140979684745740106982178755085746706837715848777042819378494283102
2569258507332519764813672456351707773863376375715947817185409500202699032309
11051426796304102496144764766958179671506736496976882366028801902480842422589
12740229748287653735988491742372785228070141556372656548689214318469788908817
21628842595664718258888324339774974922449098458375293925060310284267692457557
16339231976272978519029290439531768093693541721039081313180796119705575069472
40124736742096746520902512885311967045111742860721554225254094895613700655
17732965892472841235257958105891466451086090480423956940377743815006013439
21822629194074446176794925064792912534191501981075390813302606875002422233533
9308214945046921143097017249780654286051601646816113552080893008307002107495
1407926751839535775233537792971129618756456590720440342541085713782189375466
5640645423977029900985251540406734874840031539109774937559862819450972865688
5033216407501194252797695593441325021622991729008118693554186469034086370061
8067057037475400447259522316648004416684453970851364075976857314405950145375
3763719773038467529952189678629891209905984306908045328296798459182240539135
16939797418368521863388331657892541744299855742774206972703171911218723184714
4830944198856568835319759101429165879092462296316662230100861015921313890231
12704214658232136513943612645116991664417275945120192627735782298715562058820
9273823420095008025667777982828688153052061387261780450903573585273931011552
11055274871946976331353174512200687536982312509623944578515862663278819898965
6608499500253253446996042326570359354182967780655057286059057541317584758989
20888058022129906086941050692798413401844596394165346138911969309287247738108
13297667979268130800823342819300433555314639138313483863899090834749801969571
18968104066692458124571065270953767119743779337036553042450471941512165236867
14932841303199490878640323744926137685749952622800747995690439854118498001885
6250599214474930878673138968631643032807502364864165001640712550360147900771
13872044280192246670253542029636668414586465840988190477111017540404431909403
81456119668307937036914780206985985650137679027930766352442712034886058018
8178364156193615628946078892680068624209694278864784660439209878556857933585
20847565685305938921688196081711559611104247746032524045765048360946563554616
14790603163347071870110696142274029411377352843070075577069234486581346354229
18977464663780407707262531952390299277523056655145169930121579582916387871374
16780630803676794749613238124686604459373604071531057035207376612438682381040
20186476042367781999034353334494913683828163385175556939730585228743410724033
6782638209588187356802454014110236225878206067794807253486060610876934918759
8993456778572039939715813797180666624819850516232234360679317411311388323391
19966302498904269727099815984264954717659138861990152509516897188319443441697
20169703794592063233917650314404110898564218327366603108408586484609331826027
5979829627203584558315118820578826847995466683728103070319484562170838879477
8237679343008214539352062545936737645555361114339038346011678993504862443129
12382432100828502258569798167004899872248210099869176340581848176730802349663
1568185664985590267262857882936657784210740515169196983171026814738347336756
21214766447038120613598232832812136678657988502205964335817205381807920739938
7692941991237742474520327457310452870153482370889548010226143053981890424652
13595129445265049664221406027681079958478209116108739005508499004805469917071
19188096071580221579092496028987371780642557049389322053081699235155567772173
17975673380464001374676034638564230054429981676012676440863525293845130019904
20841685157342026757711329464299804445471940020955209397956987009823404283299
7510778644672212989684926383821874729073504800968951172295535413714975603558
5412964648109092367425127656145675316528154462488440576988541278054587052058
6998001450950528857399821530729656471745472711969582871968416561472553420135
10017795190513370580285083759517584035694996563220913850722002288744022757377
12113185651597474067026664715619946415749981707739597619454641751791169267554
20451540737363571466111039734160615184627155382583098695879349204357410296631
729116950403569953818905038668361626861855541652418271170712441039707291924
6874571610670154627346562968411422088198077609945741147515101915358108207688
20307824547105117373454598908217917152093200208838326389260620574762152675045
8758875530447210792904496135011086289851932865540018278850670496425499052683
13224694410602002105805224454797207933944742532123981533211431845662395381395
6621493224766717216701548708726891168784911176896760330321592836065310482866
13937858022779991611039558948054774910543950212969141252259896915615778617893
4917806030251482092362529677296731621677399228082641707762616055246746126061
16304922224312728276104330461175394847795848175925462853738047204383447573035
16678452722472429203861326329044632626530032631343862086351886162579978046420
9974691111613144697061424119079539196535411918411684404824080439336446439564
12391128852318795781829794456501239823062804741032268163807689059014957151322
16376931186038869228971542812469753097050036606517944132293138523631153279825
3057841358487505418761470758562979965285993261118087156094367416201750095404
15045409518037090814105826994439679855639635253710791541219370329682069820225
13442376736433669968016223589180307683361433436806777011753497283272674012644
18917174176736242961299708438032963296686220808211170958894252981698475343631
11380920704380401611525239094209208940853859054744619020167150893676619275400
5399632748693319676480270098239871368958944610827825094400876104909425716392
3072779406768337118240884091792704214322792415195488652476136252175179362880
8351873470285292321562674159922105545256148886389216816367528787141186556758
19039526722628732399365091326361517675801947890934047817293511021151913744591
11316453563295765895775061205389385485172841919365628835333993250531664655988
7850755275953939062184858524678116551304016605992491147837939252676680785208
189663666172994057560830062107872734380479327839628938168402275701561917176
8944554955574110171273295960753608410178793391130829960067372967633462961614
7116498249918759493875054905542634690892118438594298685578805598675410965669
2535963611074434631003149876163530430931993688129878286594756194015465278460
18022460558081751594574692271414706303627866472796139479944146908393139741182
15341193598946540230880135952221211503846552166425406354080863978843527894671
2942431717153385426545606490874257811230086292797817271859433296359160259239
3009774438756820489964746831334449123894740822794580986556997529296717581423
9496138301121689616049759054935646143502980987880350156990306735995260671175
4076156724842725224174300000468119057699244699381290980710548119313376968129
20301500572584246879220468905731058339249778940966192891128325027181404226629
12240449395531309263037726882974869058539543342019721791945417590157321444565
2734576041547526732946886809654954568832411068107541730145912482251139322538
1913611111144137178181099357504813610426696502807761974432419767623037547574
8323981703091520786969788588517080546120036429535328021157459160571413370125
17608089795804665912003122420873117027406690592641558991713120617999818930151
17954961401611739290579723858653246962839079599354059880628870682426849304674
7693642591048722104105715300765742636898670019493041402551952316778508785882
10925165536949195683545612102300879902373347522535838874708839717193999335745
16740598974035404805544189925980303793846400946043080633235004418045311113846
3028458114292500648266975052798389647613432243149006395166123161184170940972
2817600861932061603203157785548222970685465773360278995551965365313604217882
2811366666795973435332404603090484498270752802044239619104866535127344245139
6901007103297959557257110184636027233977945890205420866896244199105220459744
6811040256124961160848956238308470640308462502755753004833080999365205628787
846642049586630199735666112786431409696508103735494916428842550432654381594
13061166881718302681365231291832588791959186056326831853549555763101859584396
1581547457654855644173875819143310956457964952802128135344084991507959176621
12591698412731075291488515328885878994038884715020576113812619060374399968487
7129047166046749599109058206849766841261983329246180789653876287940952140294
17780920041966559015242418384239510699940753783778307759603993814380170147815
11411967002648206460094819913767451172535988461576286592244752756526683869398
6535147980143805768211908880661065989475773196469834562468932004056012068981
12872366293792794368642323198969017581196463071340612957009439105182673573396
3845096876544992085668616039795853840768469571100517631039776002796484609549
20386025860348257305841141103130861239832870083066852913792413739711579490278
5663975388273723452136125938377376330824298621841190787892884430812699456136
20880523335705106555101009571713688438858731841737802690910851430800496104934
8664815262171336902475127109386834836220742848950659183106085559300961747316
15212672296023611959246835252860546019670000046804751249547303425954183847429
3786255974807528210793957400325837912933369979823637013145025357556219775102
19646410587152058982763388053845872310164493339475512721275474101828150077273
14407426259630290801648546162995549804322572985407158009259933675410180400077
1275955073103101917295562169849127375209112030395179332033340866715396722452
5487750760448101899937260261898752719887276580825994742322208269609306618405
12414079753210256499611439235670285717945909010061941159696368398137523291140
18058271753030912252347026705895506604519018890772902865355002646910918153759
13935235821735626611156505080089322797654275868806802361406549798199236177528
17110498079878546324718511787669387410942622969712445909354000807236690314957
10687508266469903792000405420136150569946636272800228999781195239976105560612
1277956894120355360649091990517188151791867400124079104247693321263057601099
929982009519538400155920125117423265869657236620766216139182914925009802954
16559970949358997473575123467518158994842000800881347427572300986319432656507
863852544580033885106607226598354103099120172650200980695458006092725115354
436810575313416269983882563851323926836428928449351162094565391723605483516
6334913013691170767138698286357556285297887475783792365865857018173994149486
17785859069146472999908840832788077051672090890508101583397157534162626183973
427206014337914391283601765560115825767253196347193816620589108299037926541
15115704735938262072587983952645382098893412471333885175144579020987265065203
12017969315449748476118643575203596675122272214009056004034938899095907760206
20642434407226804845623813766397536183962927868804716012482833199686414302852
18982318327848493301474677819747807686491978396022748137991684529478469330097
2306193794828709014215315860179466106408084703631347012188232489780230095671
7060813397820173935956757571314686808083877731722252822508055423697679476893
9925864312610988474999359617458205534034473691089101964213562993662824159034
14036238569106986370932971272638702550236692459418895654245682921654874601312
9509048813859143088347263336607686057099400727479311504780670742158653486206
6842166521132564137619008158396211111980991013087076743268157882198576269675
10217353423046013950417213172971567565900229914457220187215408404202554351836
18220384419265532097596052952017594673237799959023133602933674050572298730193
17866822945198657177461453619458294532377313634196332518543246556611008452933
17694368679979949511817467967015330546905282492241200905890171992458134240678
18971922685739566979638356009544944454629162680819328093994329160719843056737
18684937612086669383439812199377945074448160740155966772829350355651237261795
9235876281667970051504588287667786944160228843888838710239865727309603061015
6187574163551283282357553100017400574873868151705871779659681332774938473442
17196369096305464930639002419417036905613312721767481044644254878990952814786
18296927216321111202881056198300973553112302777685079899199090840516364581791
4983948188027170589078739023086929105628955321978589464920358286161528573448
2276814237931645487686771259585160667452008745791625290365802841496721618760
4138273157833414032755498052453436990872835066620446328921138739885868998379
5835580830979414828575054128735121537583042482361311845838347096674448689116
20992630219061340843601881100837482710979119542034786928296223633950908472388
1118381353525339785976839119511758587763620520383755136959051018516094253090
10337002023922138844951367775712178432524190386722995225923120494344904079950
9765947418137225404722546740514250763898752374389411503005283184253024586058
15411836962046751164622748177831913963909013265942110958658714173394711125370
20722527012138131360820192152290968950993396481440050289358737370268218859591
16585853587281811014582898583977502965045639444130273779047322749735299560207
21436098743421172924014781240823435281025352300035264733201366114473419058727
14178112462860881459540462916598447735177675761773338824394753907217898488960
2590560710846804342662010467713568407285290476715663333366063002353018991264
17949223181156469858379065899254284317305309247290121304422294912030586532673
6940063127036366626640075420306454154706369567406835284901717013872681276911
13212339415583029091219180722363760875223983190396769244985733901171214077679
11143838426689049623360248250302972103117784521940658207527698432687552942591
4994693363062895106345077091869420711664571716019971952890352464184561249569
7785839099197795033948112451740381108555553042322704038905686323540025631473
15291655295654923849266753004503491258117644584862711291502217292211074445996
18223946690101945712849081159295298164630378278313069852577349403051751559726
13247893325056509281811135293440873471348664328435966021736203439379360560346
1838627965154116499570588511051176331708387980121591719463695143475045130831
21746931323535899361372833028120884537569529325326959379977185108159655128847
1569229799996373000993208676467175871896208509249271061977636872731081653113
18668959729045139805375896352501526759923123936419773886979446262254907152787
12698285530824454564359053510831159718450594302921296519937334733529589738160
5743752602883180080321224936560739109224279187008023590149271256478879997507
17615461436426765950762679333452659818080751337498512367037395397687644820677
4379963027402443949761342437016192165148025657715626365315450970388283739261
12622442863880120105122485141053297017921305018805552070109568547893924027508
16493349884995741255319414030015325273883108492981717376626952633010860098410
11501183900713163689133184470477728399861217340901493951105967658399341986313
13184464903575565740074003127437693743650101614906307232173855163739473476900
19056993236227362680720448341933549082689888775458266843506880469982452347227
1180947252747369471066257076205537751320494098262241412291924855089764608729
16229532924404554580195616835338949126663348103713418556119694233568376894947
8604714607572995451336310555882946070542334844212691610961393592348706930493
8362594100280133221998296898045505539071433915735634439526614339277300552370
16399159148365956463951582514857891684943332179297226423628752792536028483990
20791958918883897879651946680726738927333774947616022833294686415482396438838
6976099533465307077876553477341301102578695004868981952387720840685240842560
17588607896443047770053818219711270035985826074286753981361920802895326076124
12865981806811655044812914486873432317316688987331760480657262748139002813688
19080259696546964979932036247707282742365340353585423017939782931928015046575
5475353703257038456872747308072401784844227202792527428899399083236860900298
699444932025038530835460727165156424336147795146205258896894678525124927461
15695622674480818777943366659102932349783785381339274197766151422625765388038
7644428489984569999599080644830401450294253782967784792584750934960812468382
2484044190398385977417569061356693291812041338880061938702052957819048506706
8456986467797277421685766156179980502998860530369856189405630837033584471075
5054041625001826317568038929780665383894838531896986763764007995985738029810
5197336058480822437408118036219119090707158130910220019747427914262297331861
8896147437242770809876821567936215621570430903276974181159659855796295866923
20755757167342693300106178757642141909843395817794855978028122598254488316281
12495257799325917448205113238508489684392516282807104246531380538192500498286
17639970982424592615983334078785592256655637539816187733799215839326807071148
8140016957188286078776165555436655378303814378750387793587919949009492167586
17209468066776420206923060639618147772644663380208004030591040036263548572020
2619409586309117922582791327977378099828554504012201484641253637770276078843
11172679254412598275301264634812740710430873755458899712228629497147611473029
16829502099778629987235691213955928527920624415791356237580609633148661633897
592799060717298365629187138482067858694007427100574367745567028165989185342
16864381084532235865281462338072964457337415344658720676113860956416999505572
1015589663070446561434523645329239389344944669662180065723984179503017360337
9982212112174542265411457778485410853904388759147308861218634697975431894510
5412525702631618381358272227447367851318305617863423359948039591381065713581
9852930575259000100332996271562617389630146990442517175422889296173516799181
6036993105785310658467845672504384047591296265363803946714632979523201713762
1821500632172143873156399122734194851200445368324858351038486833883177057468
21556520116213603298246786137688925835788594639953568860110645708136881336676
658318860971707056155247027603536846915894897192791739866840963356575472681
602842622617647573132938965729563329852165494525296971607175031334298950242
1151063223719891516862415316972915766442753873652837551132768558136109394634
20030054542089253165409106868864476953251573918915762537158006593968012247497
14455078111822464502989472874268580626098857184523941794725425258923962713053
1699191450188970110166570608380346465689006650580298122024202987580198200132
13971136504849280501801880342723497383580392506287195375689019810750613223527
11259011415071078991947983706483998982146186263873384729739331890304233635860
17741270384736018529047001790810396141344433078911295725171243367964019815741
3617456068852846022110280599700245470402025130645759911795429861830057016581
18773989857774369564707484486703863617112883499664601804221477949481034222590
391101570414854801618801587626783162239406618115954162053108159404294160435
3752824438659815340558915518196975380567589032517034180452547083690665271869
13652227089592801810376789544861979384538590096633526007583054323554301421745
5753030785259259818058977992956569985665739253964735992489420513570911607
12794765444364718066463627091127875266371595037234762762560519184694440318642
1844165267423966444579133456200541636533189889959706801468771335509321515822
799352162562582415493264759184613437140226428304061991778193411771388762097
15915114786946818157476898276501926276831197920612814619300062353559927906953
13041871949144831370743756131359537126101784549008553888408794912277392285626
1684702427149441531010110315726002248751792272226034774456204740385384491604
10195318610969070608511028432066597876456281143783329459466964443360549551082
13714193389971576085579160116206487363436474313560046541969781285568217247624
12202470771012770210445954644081270058473831351768121852596394422757629850892
7784616613742667796197638965440313242748565680231200921682296807888993222090
18581613859576442652033888735999982405110741068271804741467526764394720805037
14828223806255884089537896775456938290494683211666564494946175120085694803958
6191868112332934762674478056112840408041237177775248347690069948259811627101
6055199518589075551800066499277675747934144570099354689629636497613775458486
20043219892592698889412649805669712950039510114250762278667968995416842502234
10591576812697540586115991527347511638405122244793393962099090930538459086772
8146910292072979142616688207315340017602882692938548874592904341871514175303
15451576003386544225828312996072681331940167554848966592330715947662789205180
21156998090948310800651324456525534600543417534335507361948830316109451323115
21421497039083336739241851024868234958744697872115637345287618993148799764131
8835309990713613011240324096693076755485475658999871502819747407829989219746
13102158958973358955423565573049580406238531533936309830903999596178966162490
19927703189662863743499379923522860979653455328626544661291243971618992342837
18417771183154820005238210056528713167003520086953806649233005148247829186154
13242250186667974182640987653516460478853973058739850129463954545512907574522
10971901023853281329361069638276077765206234747340067637718378767976633645829
20436550472837870181409690438226695091760115955076127106091878852797639823191
683842651763399941903331243661454687566310039977770092715404267515366625429
3304534668380354910105587611199035768704466410761708200478786163367382500984
14327892159763789670354328059011011973128878640806462164819794130243254129821
13712101990593648405837473744314130986494510088132644940425089514662460031793
1270386163717136732049662990020454155453019401464056820650142849751291739739
4559668312052315567004252521434018809625818725552950834596073025095274632653
10289456013947128246221059115194021747046925564818529566042034047888244657473
6981981682422059144716871555026845840161063380660424650450978975416029699739
13275723002453843398308458799872954358948259042779675411059905047590837397361
18372074965684100000331046096891533070433189717560527825752357282553296305210
6007153627662867365254986874716350833679184737288669421698890656788831322929
11557682792813633323168221751485510314542594132819842305598531070629168100143
10536598621155464430657941977974614272794233321865085717974545329727298277125
20566123440884795144385782557360498238445700080133152934423121801124172346047
5484210585392274768700243869223282957415576141086566136019633416151230114084
4675266041161206862174450141632759296562489084453522360678052892725376421684
14506966485061491552710372008504993235111668026216492386033611735228479487468
3682565950309631924420685101131217452257499881999322497664342243267291843503
16753306733039910894513530708776251948831720207834805689601646616427039909037
11892397629144764406188085785897237236955294380381710017192179450763501663923
17027229171478232498721421673139332166581061755210509139252013418924500461243
3560458480908782960366816146149753544371185355186140843210760460011482921556
2523290942811919827064721825289040221770310594770466909167316010377190569820
17586848354290518015476851435178627882600199642491204839902589087637701736514
18771893348474501482962831973790983143756587183687952333177929270650139940171
6788202157749582404834375771398928959748074435244246320016871403739257327326
11025631863450004428764861086496374449453982180198151399523240056816657483248
3256907622263919521402687344729539839835290137654795380148237049547054026004
729757374802086603625382264910105909740146180896096383332210024077887641124
19863253866253150070643618896444516678169346690564661550005769233120838139485
12468569017378925985548033310919519222810416238732327538088208928920140959143
712344748962578398623451251358410865586764243720605242158768608887082462846
8546087066371010720013920767653366050032317738437010080974697619001241722483
17144825509786899110344839698077839239721239583625175190269757913667929043953
10651563297701188942358589203989937961905153035428112097802788565849122022100
19602341346389413323180922571631527509531683866957468565049297030414658843948
9238186664745057178430953403953596421917515090260446457039212350976296818523
263640414028390180122517954487976369901122460517389747631764885875587715955
2311641918305077640172935641310996393584851078677397516017312506521775283636
12911852110192471656473443086611566556755106535388637084532737811151296554463
10436700004928765835031725654432267178079115705246966695358470216435798181674
12755555289896266917759922247555708737024386059041699214870911784508162783525
17390583422165077903045260639521919716984664232208360646931078032292219709718
7412526952366864882775200227476857681850213243362827192310877977391550357930
5016060582872027330190350728607317487069057897723717249157495640519710863591
70447200134990075406173842139872041532268968648265338736409860251327029352
1545500244158153586647380894391367444874762740407966854865957002078767363820
2082567114283705201161441383508830647153064041365131752708347264051557391980
7773933577113494097575644205473257493685202208592412633139277067190461074505
15907352821797623044340355088248954282080052141018731890243639338361458586983
2453390435048874114321626738320866552399505338711520013030652128583351121221
9182038581165182763924458518550360578443802241218652973210280653624820005202
13176557622325900598244222336641110473108400343854387783748570353220729582767
10599983241136666078578113335543683963633036808782400964809769571709020578918
1430816790456574892099931300141571059151141389317227589818258647628212654923
7207251746626434553568433426934231676780727971853793874008147862305418016123
3847365229378532841231862621068765430417579646617713430532944299440264931969
922422158589085666348657924088867593873646110588554410818179794404300446471
4298485174770134050325487753075508760849575591910135387686931072102416450479
9475141350581193757416877790061277619494551108434152557051757495614692231364
7750163624390542388958191386016094472536166330496081849246099823270737686866
14363173695671306304956071467171940429435853698217676411185837490356013810171
3402134714494071567155197273072160417049647120230862441840621369782667867977
11378968132153772980874973211734670604659991740586197794619174704886870525408
2500862781199005154907185089778932765489906994365960644306361544820582839768
21880931942133046355810983155922578513531850539420426025723154879488808270315
17850206894189265929807971665186479441938275634968267590809377452033564010382
18427883853363251276513100116480886898434829323430684895879968439179171503760
18758795974827407022563870795763356401215175366078230621502388363785425038612
15672649260544536516531393740985073476934112035694203841471047634286525005174
14497479780124030172334631091033639981498927489925809517218125709975200816290
11190855071574099336548308963044121660452976926988171712775481672446931541539
8339442292395337481335048552147626044800877206694030770577319544121541364092
2461178629683239975488518502624530284391365519847067341739449204945212652770
3972313936510404965199308344697399140590038866586718833591813109326652018667
3224811019580618549699828950033477378112059204060062023677479068506440937528
18443657715765406615721041820828109800966587434816919981514222787674698772960
666201271764511484388505793135876064418452477237751508215203932379618265382
4434899717815685275523711262432486808621984251515429736982413712108987655422
14584918585762085382434085071460369807803840154636220934254933165793423091295
15646480282455307022430957975574008173154630787861430193406352480280577045711
402840791633175231660910669665966910050981784044822648466848382615330599909
15437492296189220094817534101128968523410729375545135146260659057729649968314
13987760171743052442513877961667805977500573882586118554487715622045738218279
12589095501858681021442730872878907609617459069328956803139727387371467358051
17551064250089164193025672794811675406761638177060737129533175904585851772273
13500706213131978087516005477128059726177752268287240395927379509000435850498
7331629294073516250840302816971095420668983701195024195892939287001016568514
12949377725980318589136021850295478499564248427839661600142796482665024587971
3988955063770305621858590171391799353484164878730082586815877210936858093890
20512156157023978986265779260320491356890557397261515752540394821171756173724
11624190532749034673782735319581023504009231230729490439584417709012081446066
12473562150323140802035699452896239306300376623759190078147999182702752528013
21504777935543484323252258287484534200045631968996932563017737909760083499017
16104745906544338230790783632377375683831341202924378150021598903321494336736
8312554144734150053969625169851557776466370096299754626528722906617398229171